1	0.401553
2	0.543030	0.000464
0	0.913747	znbzrp
2	0.997578	0.000601
1	0.351201
2	0.952453	0.000797
2	0.500833	0.000955
2	0.619740	0.000049
1	0.756475
2	0.123083	0.000866
0	0.291517	y
0	0.748054	lhu
0	0.373421	hpqeyc
2	0.673945	0.000938
0	0.497648	c
2	0.901588	0.000296
1	0.247002
1	0.868999
1	0.609300
1	0.307705
2	0.632159	0.000070
2	0.570328	0.000814
0	0.470991	gi
0	0.657113	rukgl
2	0.124302	0.000679
1	0.621572
2	0.880265	0.000884
0	0.110270	enrlbfoe
1	0.054076
1	0.018441
0	0.761314	ksm
2	0.953049	0.000452
0	0.015170	dc
2	0.776906	0.000676
0	0.808456	leevbd
0	0.777189	seguh
0	0.122101	zccko
0	0.240677	qsgfm
0	0.070728	uk
0	0.666491	nvdmcpg
0	0.847329	ysqhguz
0	0.261652	rqm
1	0.327828
2	0.742109	0.000792
1	0.627745
0	0.098350	vvbain
2	0.705820	0.000677
0	0.589786	d
0	0.752291	tbqt
1	0.985108
2	0.888729	0.000381
2	0.169998	0.000271
0	0.440622	rbw
2	0.864418	0.000607
1	0.197985
2	0.242154	0.000326
2	0.415565	0.000668
1	0.335389
2	0.440593	0.000090
0	0.381062	cld
1	0.129341
2	0.170900	0.000198
1	0.762268
1	0.878436
1	0.525032
0	0.060347	gyufct
2	0.873433	0.000110
2	0.703773	0.000344
1	0.754130
0	0.657458	ue
0	0.612375	xgpkopy
2	0.759324	0.000088
1	0.226593
0	0.007006	mrf
1	0.327117
2	0.546482	0.000891
1	0.335022
2	0.138818	0.000033
0	0.638239	jdb
0	0.900284	joflerio
2	0.883528	0.000814
2	0.831731	0.000424
1	0.116897
2	0.276737	0.000455
1	0.717464
0	0.272220	lyd
1	0.871381
2	0.972089	0.000021
0	0.324673	nfvyk
2	0.136930	0.000479
1	0.136915
2	0.504209	0.000378
1	0.283862
2	0.094918	0.000291
1	0.486011
1	0.200383
2	0.827848	0.000101
2	0.505508	0.000826
2	0.192053	0.000555
2	0.978985	0.000713
0	0.421192	ftrqfkd
0	0.292074	mungxxb
1	0.032284
1	0.074228
2	0.078466	0.000249
1	0.879599
2	0.015637	0.000547
1	0.879260
1	0.751458
1	0.402369
1	0.777115
0	0.112487	daoe
2	0.560544	0.000051
2	0.356638	0.000038
2	0.907948	0.000774
2	0.192263	0.000151
2	0.520735	0.000567
2	0.822212	0.000364
2	0.639399	0.000904
0	0.184067	kugkqjl
0	0.097335	wlfqesjd
2	0.170673	0.000124
1	0.313181
2	0.706765	0.000365
0	0.495381	vghj
0	0.168128	qzczgn
2	0.759946	0.000926
0	0.881455	y
1	0.700439
0	0.025159	cbe
1	0.784552
2	0.773752	0.000380
0	0.751368	b
1	0.651195
1	0.539061
1	0.531899
2	0.586736	0.000210
0	0.312762	iyrwex
1	0.495501
0	0.531864	wnucpgdj
0	0.449730	vy
1	0.436093
1	0.119590
2	0.772616	0.000278
2	0.378890	0.000678
0	0.668100	pow
2	0.946686	0.000336
2	0.520212	0.000286
2	0.355348	0.000404
2	0.773659	0.000706
1	0.013220
1	0.917461
2	0.767332	0.000066
2	0.606411	0.000293
0	0.139549	nxngy
1	0.222911
1	0.952327
2	0.095669	0.000244
0	0.853006	nmu
2	0.492197	0.000520
0	0.194914	vxcns
1	0.620003
2	0.477495	0.000876
0	0.629488	yme
0	0.733119	pw
0	0.364103	xift
2	0.702059	0.000703
0	0.668896	ypdqow
0	0.304969	cb
2	0.544945	0.000571
1	0.621437
0	0.307933	tkc
1	0.591465
2	0.565332	0.000027
2	0.317471	0.000783
1	0.126011
0	0.701747	vgnyhfs
2	0.388250	0.000669
2	0.902784	0.000036
2	0.739988	0.000300
0	0.854415	m
2	0.097794	0.000486
0	0.141965	ipkh
1	0.753833
2	0.726653	0.000622
2	0.994304	0.000468
0	0.947700	jgmofy
0	0.913382	ewb
2	0.751827	0.000104
0	0.828878	meqiubo
0	0.934323	ag
1	0.936210
1	0.184903
2	0.314134	0.000127
1	0.746600
1	0.734908
0	0.582774	ktqj
1	0.771265
0	0.450235	ewjes
0	0.497500	lybjwdgf
1	0.829541
1	0.464488
2	0.884966	0.000307
0	0.080031	ntoppt
0	0.983162	jh
0	0.542040	ytporf
0	0.033112	tinvjysv
1	0.429457
1	0.258569
1	0.367068
1	0.174921
1	0.440938
0	0.263804	qh
0	0.114367	qov
1	0.904695
2	0.173136	0.000754
2	0.339849	0.000876
1	0.420012
0	0.574431	imsjjqtn
2	0.028354	0.000981
2	0.823334	0.000904
2	0.300902	0.000212
2	0.967443	0.000269
2	0.901842	0.000013
0	0.645188	emb
0	0.113933	hjbk
0	0.255361	nxdgl
0	0.478042	khemd
0	0.900437	g
0	0.503279	pdd
2	0.137984	0.000487
0	0.180501	rcersa
0	0.842541	tzenhtyu
0	0.052301	iefaxkq
1	0.188339
2	0.174738	0.000148
0	0.401011	ugg
2	0.349863	0.000346
2	0.254891	0.000025
2	0.843325	0.000264
1	0.906473
0	0.776995	ukxde
2	0.115732	0.000743
2	0.565278	0.000495
0	0.761918	yztdeb
1	0.099605
0	0.462978	no
0	0.285720	qzoolxu
2	0.581328	0.000338
1	0.325360
0	0.837745	pkhmrx
0	0.982703	xpihfj
2	0.820820	0.000365
0	0.560465	mnciy
0	0.833628	yycp
2	0.704901	0.000627
2	0.529452	0.000118
0	0.433898	ygqhsiqp
2	0.158739	0.000354
2	0.060647	0.000966
0	0.209031	iujejei
2	0.392429	0.000317
0	0.634859	ndsqmhj
0	0.338942	pcmrv
1	0.341422
1	0.109929
1	0.227539
1	0.023475
1	0.053404
2	0.253017	0.000769
1	0.872842
0	0.154924	fwv
2	0.898323	0.000825
2	0.445255	0.000305
0	0.366813	hnsrquxb
2	0.455346	0.000096
1	0.014888
1	0.014888
1	0.183100
1	0.675793
0	0.403571	vcuhk
2	0.387212	0.000831
0	0.984317	th
2	0.589552	0.000260
0	0.450376	y
2	0.113370	0.000337
2	0.016676	0.000424
1	0.180326
2	0.399501	0.000825
2	0.339126	0.000893
2	0.613114	0.000078
0	0.386728	eawq
0	0.349991	tblrwdil
1	0.778065
2	0.591613	0.000735
1	0.025482
2	0.038839	0.000951
0	0.628350	zmr
0	0.650829	gvuph
2	0.511461	0.000306
1	0.803626
2	0.572211	0.000218
2	0.506312	0.000810
2	0.935511	0.000675
1	0.006847
1	0.741558
0	0.412250	aeptdre
0	0.371593	torzvux
1	0.584270
2	0.929157	0.000612
2	0.073013	0.000024
0	0.216606	efbsph
0	0.925472	whdxnowg
2	0.749831	0.000909
0	0.750382	rxcczao
0	0.565108	klx
2	0.901384	0.000059
0	0.015508	xj
1	0.557498
1	0.821699
1	0.392834
2	0.262415	0.000984
0	0.330969	lwatlkd
0	0.679620	bjlht
1	0.233449
0	0.604788	nybvr
0	0.457425	yxmop
1	0.640179
2	0.780284	0.000862
0	0.884337	hjicxshd
0	0.332332	hx
2	0.233389	0.000703
2	0.706951	0.000114
1	0.653787
1	0.546135
2	0.687388	0.000732
0	0.379673	jtvew
2	0.029992	0.000501
0	0.940727	vtzk
1	0.546236
0	0.693191	q
0	0.572091	gsicgowk
1	0.489729
0	0.478102	e
0	0.804167	sm
0	0.674739	qbzmfys
1	0.382155
0	0.876473	jmjkdiuc
1	0.931768
2	0.032640	0.000127
0	0.326513	fedurh
1	0.708809
2	0.529465	0.000003
1	0.674866
2	0.043134	0.000033
0	0.386035	plcjcr
2	0.600075	0.000010
1	0.716576
0	0.410872	y
1	0.314628
2	0.668448	0.000727
0	0.467882	kuid
0	0.195299	wxyjg
1	0.714674
1	0.505911
2	0.731001	0.000413
0	0.515142	itg
2	0.345297	0.000346
0	0.013970	ck
0	0.219759	jlicic
0	0.720174	wyndg
0	0.715112	dw
0	0.076007	mkdyncle
1	0.435157
0	0.961506	z
2	0.664341	0.000715
2	0.166217	0.000241
1	0.718627
2	0.422420	0.000110
2	0.131078	0.000942
1	0.217281
0	0.619155	sosiyby
1	0.998595
0	0.110293	rchjvkbs
2	0.992013	0.000930
2	0.597742	0.000696
2	0.795706	0.000386
2	0.431816	0.000190
0	0.759681	j
1	0.273632
1	0.857866
1	0.800743
0	0.550089	prn
0	0.109704	pp
2	0.029770	0.000396
1	0.091342
1	0.481745
2	0.747442	0.000042
1	0.069358
0	0.934478	thyh
0	0.936375	mjimed
2	0.998202	0.000820
1	0.691230
1	0.095173
0	0.364197	uu
1	0.930804
1	0.429178
0	0.222147	jlfmdjh
1	0.668154
0	0.302262	fzkl
0	0.500144	jhn
1	0.442570
1	0.312250
2	0.012242	0.000327
2	0.413177	0.000606
1	0.130188
0	0.304827	kyhohrff
2	0.867286	0.000034
2	0.823866	0.000552
0	0.153097	kvnemvi
0	0.657875	sxgom
0	0.020231	utrrk
2	0.636032	0.000195
0	0.727029	ffbwwd
2	0.977579	0.000585
1	0.076433
1	0.665082
1	0.478891
1	0.552626
2	0.792923	0.000307
2	0.048182	0.000562
0	0.741692	zo
2	0.615527	0.000707
0	0.635123	cjeiswc
0	0.783129	ghpi
2	0.445999	0.000500
0	0.962840	twrf
1	0.243102
1	0.260657
1	0.129204
2	0.682656	0.000543
0	0.447147	ykit
0	0.011572	kckq
2	0.266019	0.000463
0	0.611895	ftbnhuhb
2	0.585571	0.000489
2	0.530243	0.000606
0	0.796260	sr
2	0.313073	0.000682
1	0.104717
1	0.705450
1	0.067235
2	0.070584	0.000327
0	0.321016	t
2	0.666071	0.000367
2	0.490645	0.000119
2	0.020088	0.000800
2	0.018813	0.000911
0	0.746454	p
0	0.076990	mwnldb
1	0.077757
0	0.283395	tufwi
1	0.812151
0	0.459492	ieu
2	0.059068	0.000055
1	0.601670
0	0.573878	rpzbv
0	0.551811	jmc
2	0.476920	0.000502
0	0.811925	r
2	0.779744	0.000344
2	0.368660	0.000321
0	0.697462	wilu
2	0.848223	0.000156
2	0.710587	0.000453
2	0.885834	0.000176
0	0.668265	qbkfi
1	0.927059
0	0.548930	fyjixwj
0	0.185713	ewt
2	0.847297	0.000543
2	0.848722	0.000496
0	0.725551	j
0	0.992362	tzpqhm
1	0.679859
0	0.133869	qrtnu
2	0.874886	0.000763
2	0.635622	0.000794
2	0.333020	0.000215
0	0.734593	rulpjbt
0	0.631932	uhv
2	0.352027	0.000945
2	0.526399	0.000673
1	0.731643
2	0.812481	0.000815
0	0.240375	rsjrelu
2	0.752408	0.000616
1	0.951974
1	0.180708
0	0.646390	cccs
2	0.333822	0.000160
0	0.646673	rl
1	0.927556
0	0.274674	aabx
1	0.098035
2	0.960255	0.000639
2	0.455241	0.000118
2	0.117519	0.000033
2	0.903599	0.000459
2	0.760428	0.000743
0	0.746559	vojvoxj
0	0.240252	jpalift
2	0.517445	0.000420
0	0.275694	kotpc
1	0.852864
2	0.672968	0.000245
1	0.834252
2	0.653634	0.000970
2	0.464379	0.000365
2	0.459861	0.000081
2	0.609535	0.000239
1	0.100579
1	0.936970
1	0.642115
1	0.750946
1	0.957800
2	0.904482	0.000627
2	0.883304	0.000492
1	0.140012
1	0.693208
2	0.353449	0.000522
0	0.507775	zoctymxg
0	0.847091	teaj
1	0.725659
0	0.488282	uktee
2	0.113357	0.000756
2	0.109542	0.000454
1	0.541937
0	0.352616	ameikj
2	0.626069	0.000874
2	0.299917	0.000364
2	0.876989	0.000062
1	0.234051
1	0.857375
0	0.388087	r
1	0.447533
2	0.683804	0.000207
1	0.759091
1	0.258421
1	0.433114
2	0.805446	0.000929
2	0.164451	0.000373
2	0.945692	0.000394
0	0.779015	jpifa
0	0.354664	zkzibxhy
2	0.201578	0.000474
0	0.566384	ihkbhypn
0	0.767986	cbv
2	0.672744	0.000935
0	0.880151	xrx
0	0.358881	bcrrvhy
1	0.623502
0	0.915450	o
0	0.151925	inw
2	0.278132	0.000236
2	0.133799	0.000348
0	0.058296	zb
2	0.540393	0.000584
2	0.185764	0.000497
0	0.392652	ln
0	0.893863	xl
1	0.386588
2	0.108564	0.000761
0	0.595790	lmovuh
2	0.402891	0.000982
0	0.255488	gvmfnko
0	0.867147	kmca
1	0.488029
2	0.267045	0.000290
1	0.261309
0	0.360122	ggmxushy
1	0.434595
1	0.652066
1	0.310903
0	0.346335	xutqfohe
1	0.922915
1	0.608840
1	0.794226
0	0.142307	m
0	0.626844	t
2	0.049983	0.000826
1	0.257204
1	0.256512
0	0.288384	kdkjvgrd
1	0.845802
2	0.154976	0.000864
0	0.595167	zp
2	0.962611	0.000244
1	0.951708
2	0.109503	0.000489
0	0.196643	gbm
1	0.463144
0	0.671175	trtrm
2	0.553298	0.000210
1	0.619857
0	0.672038	yf
0	0.622327	lxcff
2	0.454945	0.000969
1	0.248033
2	0.702974	0.000874
1	0.142869
2	0.265895	0.000894
0	0.198194	trkvq
1	0.371154
1	0.629848
1	0.828824
1	0.811180
1	0.827831
0	0.485642	eamjqv
1	0.261375
1	0.880786
1	0.577015
1	0.582070
1	0.489390
2	0.954177	0.000761
1	0.575454
0	0.112026	acesxcy
1	0.309233
2	0.567985	0.000048
2	0.544788	0.000762
2	0.584787	0.000787
2	0.433661	0.000395
0	0.486907	bleof
1	0.654214
2	0.890444	0.000297
1	0.426263
2	0.785835	0.000865
0	0.426876	geo
1	0.434751
1	0.525351
1	0.014691
0	0.213765	e
0	0.856245	umlk
2	0.583391	0.000712
2	0.802713	0.000207
1	0.875939
0	0.632952	gugztlw
1	0.555698
1	0.533835
0	0.756960	xv
1	0.985283
1	0.823261
1	0.315935
2	0.430774	0.000776
2	0.445034	0.000905
0	0.404960	o
1	0.717350
1	0.523053
2	0.570536	0.000373
1	0.655459
0	0.845308	ue
2	0.400562	0.000140
2	0.588628	0.000492
1	0.931564
1	0.960433
1	0.381863
1	0.089719
2	0.898057	0.000593
2	0.212846	0.000473
0	0.267186	orc
1	0.327859
0	0.394205	c
1	0.267664
0	0.874850	uvcdb
2	0.535628	0.000839
1	0.527781
0	0.470647	fw
1	0.772620
1	0.770733
2	0.322299	0.000399
0	0.381566	wbapw
2	0.843146	0.000160
0	0.717805	pielqss
1	0.283833
0	0.896566	y
0	0.065569	kgjegnds
2	0.272984	0.000831
1	0.525621
0	0.770176	fny
0	0.364886	ph
2	0.381528	0.000305
2	0.947722	0.000352
1	0.945943
2	0.607455	0.000731
2	0.538233	0.000280
0	0.869703	evl
0	0.285082	usufi
1	0.835807
2	0.760581	0.000711
0	0.628442	nvpaqn
2	0.174821	0.000551
0	0.779010	ug
1	0.616429
0	0.327871	gnxe
0	0.230082	o
1	0.077660
2	0.529248	0.000416
1	0.873246
0	0.039806	syez
0	0.540420	jiayt
0	0.714241	slt
1	0.109177
0	0.720816	trywxmmg
2	0.229033	0.000552
2	0.902648	0.000768
0	0.381549	bnqxkg
2	0.116142	0.000351
2	0.625948	0.000770
0	0.208717	orkczgxl
1	0.269720
0	0.756731	rcz
2	0.975297	0.000915
1	0.280512
2	0.677994	0.000679
2	0.532237	0.000707
1	0.519613
2	0.822221	0.000733
2	0.566592	0.000583
2	0.201284	0.000599
0	0.119268	si
0	0.882842	mjh
1	0.895593
2	0.996728	0.000968
1	0.297934
0	0.387819	h
2	0.244593	0.000893
0	0.836444	o
1	0.045899
2	0.666345	0.000855
1	0.055633
1	0.245148
2	0.704965	0.000073
0	0.070859	ocl
1	0.586299
1	0.316404
1	0.187366
2	0.401820	0.000092
0	0.067723	sls
2	0.234803	0.000812
2	0.858350	0.000614
1	0.283857
1	0.309838
0	0.858506	juczyspi
2	0.241587	0.000456
2	0.949747	0.000197
2	0.841484	0.000339
1	0.754710
1	0.553084
1	0.087016
0	0.743671	idfiy
1	0.778744
1	0.635641
1	0.588057
0	0.513929	af
1	0.613136
1	0.236137
1	0.471195
2	0.661668	0.000802
1	0.728858
0	0.141685	vtqagjr
2	0.616946	0.000585
1	0.995169
2	0.023798	0.000024
1	0.129213
2	0.610004	0.000310
2	0.054494	0.000680
0	0.742476	ll
2	0.905144	0.000320
0	0.101774	iklejja
1	0.198719
0	0.492395	hajg
1	0.612051
1	0.209850
0	0.883490	jnvvvq
1	0.805087
1	0.346475
0	0.699748	qkl
1	0.514514
2	0.457565	0.000778
2	0.484999	0.000055
0	0.937538	zvur
0	0.420676	niyoxzer
1	0.443793
1	0.146503
1	0.568151
0	0.285539	vaopnloi
2	0.214526	0.000723
0	0.498334	jegzqoi
0	0.336120	hxvu
2	0.653886	0.000927
0	0.913957	ro
2	0.231492	0.000025
2	0.419264	0.000871
1	0.515861
2	0.782225	0.000468
1	0.724707
0	0.697804	lb
2	0.569372	0.000523
2	0.054399	0.000192
1	0.962439
1	0.272033
2	0.330576	0.000266
1	0.887416
1	0.189497
1	0.472393
2	0.595113	0.000977
0	0.318834	bx
2	0.893611	0.000927
1	0.020991
2	0.755468	0.000085
1	0.638569
2	0.507272	0.000170
0	0.983228	ne
2	0.259158	0.000218
1	0.604308
2	0.831175	0.000239
0	0.931345	vmty
2	0.998486	0.000603
2	0.610634	0.000413
0	0.524512	k
1	0.108993
0	0.328170	qku
1	0.610297
2	0.627163	0.000172
1	0.605608
1	0.249611
1	0.756734
0	0.138161	nsg
2	0.914315	0.000873
1	0.355749
0	0.743357	ymjtv
2	0.090767	0.000557
1	0.426728
1	0.671309
0	0.654071	ptumrom
2	0.517658	0.000958
2	0.426767	0.000332
0	0.098561	urrjm
0	0.120538	hfhz
2	0.741550	0.000942
2	0.432240	0.000084
0	0.475941	f
2	0.969699	0.000894
1	0.570872
1	0.963994
1	0.525354
1	0.610730
0	0.892965	jxiongv
2	0.337119	0.000362
1	0.049494
2	0.596723	0.000213
2	0.679052	0.000672
2	0.306556	0.000320
0	0.608113	iibjrqg
1	0.037853
1	0.361109
0	0.480770	ru
1	0.515141
1	0.616528
2	0.672190	0.000060
2	0.624809	0.000059
1	0.193117
0	0.583739	zxgiuhjs
1	0.058175
0	0.683486	hjwhh
0	0.494424	m
1	0.530711
0	0.998153	ujygq
1	0.408213
1	0.038165
1	0.487371
2	0.632825	0.000168
0	0.908595	dxmgqbi
1	0.853639
1	0.227643
2	0.429692	0.000455
1	0.054573
1	0.536506
1	0.677164
1	0.900939
2	0.598608	0.000175
0	0.874103	mjrdun
1	0.632557
0	0.672446	qhnhu
0	0.715392	okitqky
0	0.890412	jjgehehy
2	0.487532	0.000745
2	0.148161	0.000421
0	0.644446	dpiyf
1	0.342660
2	0.136755	0.000444
0	0.922414	gx
1	0.791957
1	0.068304
0	0.311191	jjqavq
2	0.157151	0.000897
2	0.873147	0.000483
0	0.786753	kdvtdmd
1	0.586336
0	0.181655	jmyiycdy
0	0.649393	qkwlzr
0	0.809605	g
0	0.306345	f
0	0.905531	qhvk
0	0.093486	g
0	0.608652	wsm
2	0.744677	0.000985
0	0.220755	cios
1	0.692880
2	0.639551	0.000317
0	0.253114	slhloch
0	0.736237	gdujpd
0	0.607771	assd
1	0.762771
0	0.034434	opbzty
1	0.182958
0	0.061392	ukrcf
1	0.146026
1	0.410901
0	0.418691	kihxljju
0	0.616166	ff
0	0.630966	lkdjijv
1	0.894215
0	0.959613	ngceg
2	0.226945	0.000951
0	0.162856	ior
2	0.604982	0.000890
1	0.665453
2	0.841560	0.000803
1	0.927125
1	0.331553
2	0.927095	0.000739
1	0.800819
1	0.380418
1	0.975925
2	0.684402	0.000882
2	0.488133	0.000972
0	0.160977	f
1	0.839289
2	0.009253	0.000239
1	0.852211
2	0.317744	0.000837
1	0.434950
2	0.197172	0.000501
2	0.116378	0.000005
1	0.835794
1	0.872531
1	0.439758
1	0.751626
1	0.950399
2	0.571798	0.000382
1	0.852714
1	0.694750
0	0.777704	qadka
2	0.335830	0.000574
2	0.170697	0.000603
1	0.437270
1	0.284494
1	0.394627
0	0.605241	gywdaw
0	0.991834	inxhf
0	0.228144	baxqcsoe
0	0.747216	b
2	0.358041	0.000726
0	0.970038	qbgagqo
1	0.259447
2	0.445651	0.000550
0	0.017881	rqemnj
1	0.875384
0	0.864084	tmdhhor
0	0.840962	spg
0	0.931727	qvbfvp
2	0.396203	0.000894
1	0.442667
2	0.731408	0.000573
0	0.685047	dfok
2	0.697531	0.000082
0	0.852759	pbvddz
2	0.996789	0.000642
0	0.907627	cwkrvy
2	0.034509	0.000556
2	0.406376	0.000813
2	0.759318	0.000627
1	0.471712
1	0.035122
2	0.793145	0.000364
0	0.049937	wtauvn
1	0.054373
1	0.248670
1	0.581478
1	0.116552
1	0.615347
1	0.080573
1	0.835564
2	0.769059	0.000989
2	0.475600	0.000096
2	0.368083	0.000646
1	0.269940
1	0.709276
0	0.967678	frsnkglo
2	0.321051	0.000800
0	0.085005	mq
1	0.479222
1	0.720221
2	0.532291	0.000501
1	0.241997
0	0.213627	mv
2	0.308883	0.000920
0	0.939584	pvra
0	0.396235	uphu
2	0.091913	0.000150
2	0.369573	0.000239
2	0.207084	0.000516
0	0.942065	ste
1	0.996651
1	0.531502
0	0.762692	gfwfcrtl
2	0.922864	0.000829
2	0.969073	0.000738
0	0.173168	vrkmf
0	0.134146	gbcqr
1	0.375465
0	0.471571	waztnro
1	0.290811
1	0.616145
2	0.019238	0.000260
0	0.271353	khuzlp
0	0.966657	pueqgqu
1	0.015243
0	0.280203	d
0	0.473271	emwpyf
0	0.647518	iqqz
1	0.260256
1	0.741713
2	0.658718	0.000631
2	0.160264	0.000825
1	0.395822
1	0.990651
2	0.368668	0.000589
0	0.929334	itci
1	0.373335
0	0.931973	xfrjlq
0	0.590729	iv
1	0.682672
2	0.113791	0.000175
0	0.006291	chuyqld
0	0.067416	dlxxuyy
2	0.264409	0.000408
1	0.831983
0	0.924817	epphjsvo
0	0.051601	kchh
0	0.772558	cudkveys
2	0.959854	0.000946
2	0.280970	0.000425
1	0.257368
2	0.104179	0.000193
1	0.161406
0	0.055330	pyff
0	0.054558	yyjyd
1	0.809157
1	0.954920
0	0.651245	jpkeedr
0	0.437435	px
0	0.921261	l
0	0.539497	wor
2	0.354439	0.000741
1	0.756741
2	0.758395	0.000823
1	0.138000
2	0.758130	0.000340
0	0.722623	xng
0	0.497618	l
2	0.998436	0.000839
1	0.106590
0	0.547557	k
0	0.776759	ivd
2	0.922057	0.000203
1	0.826195
1	0.400403
0	0.296784	exwtye
1	0.755610
1	0.262378
2	0.242362	0.000770
1	0.452540
0	0.219921	hssoort
0	0.245949	dbgxos
0	0.918565	oqkubsfc
2	0.781172	0.000624
1	0.868105
1	0.578603
2	0.581530	0.000801
1	0.570550
0	0.513244	kxvdwozt
2	0.295343	0.000054
2	0.076229	0.000557
2	0.949163	0.000428
0	0.631876	ope
0	0.080685	ic
0	0.607120	bpburswg
0	0.485549	qwacgtx
0	0.841490	ucwlxuz
0	0.237371	evqpbjrf
0	0.062951	dku
2	0.558712	0.000353
2	0.165708	0.000281
0	0.399860	f
1	0.240090
1	0.056038
0	0.399490	bgvkobsd
0	0.477050	icfce
2	0.812356	0.000060
0	0.093383	tlvegn
1	0.256260
1	0.978977
1	0.305879
0	0.541081	xyrrsm
2	0.200573	0.000559
1	0.775936
0	0.459308	jhkp
2	0.772572	0.000346
2	0.212865	0.000315
1	0.644980
1	0.159539
2	0.927886	0.000826
1	0.757554
2	0.634443	0.000542
1	0.911718
2	0.171604	0.000591
0	0.765377	mppt
0	0.534071	qodikwwk
1	0.268076
1	0.264186
0	0.241220	nt
0	0.296960	ubjthn
1	0.449448
2	0.028069	0.000115
0	0.625519	pbejqnnz
1	0.230397
1	0.809609
0	0.311789	oponssz
0	0.086211	ytgg
1	0.186699
2	0.861253	0.000203
0	0.977930	ikmq
2	0.093400	0.000932
2	0.619763	0.000312
1	0.584689
2	0.594854	0.000295
1	0.889910
1	0.861854
0	0.272268	ulhygdzy
1	0.617662
2	0.093988	0.000957
1	0.132359
2	0.117112	0.000833
2	0.795800	0.000704
2	0.126975	0.000142
0	0.951562	mjdw
2	0.572469	0.000133
2	0.779953	0.000599
1	0.632841
0	0.951565	ncyapm
2	0.655082	0.000235
2	0.702904	0.000785
0	0.867715	iwlkt
1	0.050416
1	0.650575
2	0.242218	0.000625
0	0.556139	bwtp
1	0.473769
0	0.487452	eqe
0	0.152277	ehlu
0	0.925359	byrl
2	0.466112	0.000223
1	0.934301
1	0.568608
2	0.950142	0.000102
1	0.902806
1	0.378979
2	0.025592	0.000848
0	0.016423	ftu
0	0.301442	bgid
1	0.068198
0	0.829951	nboyjgf
2	0.029631	0.000123
2	0.600861	0.000406
1	0.691684
0	0.188574	wupwwcfs
0	0.703701	oeschg
2	0.746591	0.000657
2	0.450711	0.000557
2	0.752067	0.000011
2	0.073000	0.000085
1	0.572400
1	0.458972
2	0.606342	0.000927
2	0.180756	0.000594
2	0.793755	0.000860
2	0.668571	0.000693
0	0.005474	ify
1	0.755739
2	0.078332	0.000579
0	0.147235	kp
2	0.669833	0.000974
0	0.728186	dvcplqcn
2	0.512037	0.000128
0	0.377990	orikkko
2	0.502245	0.000946
0	0.895129	cdllnkde
1	0.032050
2	0.144058	0.000452
2	0.934536	0.000890
2	0.426962	0.000149
1	0.566985
0	0.130184	nc
2	0.209485	0.000692
1	0.662472
1	0.562196
2	0.217033	0.000657
0	0.975211	f
0	0.512922	eu
1	0.031835
2	0.147699	0.000003
1	0.368647
2	0.000563	0.000542
2	0.891538	0.000727
1	0.928200
0	0.410486	kmx
2	0.757585	0.000231
1	0.050716
2	0.091706	0.000030
0	0.643293	zhoefwv
0	0.028923	vrf
1	0.736102
0	0.694481	s
0	0.153934	mqcxmh
2	0.239946	0.000822
2	0.534990	0.000198
1	0.528935
0	0.464611	s
1	0.034931
1	0.474238
2	0.086803	0.000577
2	0.438881	0.000522
2	0.609211	0.000320
0	0.822216	cfanrl
2	0.870514	0.000313
2	0.531081	0.000700
0	0.969205	qdk
0	0.652986	tyqm
2	0.622232	0.000556
2	0.928025	0.000081
2	0.782373	0.000349
2	0.499445	0.000987
0	0.570833	tfrv
1	0.748112
1	0.333687
0	0.417817	uvsd
0	0.222896	uxdos
2	0.969067	0.000111
0	0.629535	vx
0	0.798818	wvybs
0	0.997220	sz
1	0.397768
0	0.016953	rqetvawq
1	0.367858
2	0.560308	0.000103
1	0.896240
0	0.443512	au
1	0.114320
0	0.573332	pwvci
0	0.253019	aalzf
2	0.943412	0.000575
1	0.589854
1	0.382149
2	0.263352	0.000321
0	0.382965	dttifxg
0	0.938502	o
0	0.479988	tej
0	0.140760	t
1	0.305813
0	0.397303	pmy
2	0.064175	0.000753
0	0.350662	axpqahq
0	0.126959	pxfpt
2	0.443094	0.000177
0	0.963798	h
0	0.556079	qec
0	0.964275	ei
0	0.478871	rsw
2	0.237268	0.000077
2	0.044523	0.000135
1	0.835296
1	0.562980
0	0.805101	mtwptno
0	0.657056	fhisb
0	0.913263	vo
1	0.709757
1	0.208120
1	0.100533
1	0.852791
2	0.583575	0.000174
0	0.534930	k
0	0.203474	okrak
2	0.243822	0.000953
0	0.216108	ddlbbdt
1	0.536718
2	0.582808	0.000106
2	0.831950	0.000588
2	0.916588	0.000751
1	0.781859
2	0.364653	0.000410
0	0.498676	vihcwhp
1	0.254738
0	0.721645	nveln
1	0.015269
2	0.926031	0.000936
2	0.366410	0.000231
2	0.219884	0.000821
0	0.893294	snls
0	0.476706	ycmzhe
0	0.471220	gzi
0	0.858632	mecqmi
1	0.927679
1	0.860404
0	0.860894	ktuec
1	0.245160
0	0.415350	b
1	0.351925
1	0.668342
2	0.969488	0.000895
1	0.839356
0	0.254041	us
0	0.125799	afbskc
1	0.175036
1	0.037623
1	0.242759
1	0.202344
1	0.464023
0	0.105966	dutie
0	0.641549	bjsuyahy
0	0.261047	za
2	0.817508	0.000385
2	0.592563	0.000267
2	0.393230	0.000404
2	0.254908	0.000254
1	0.896075
2	0.043648	0.000990
1	0.766871
2	0.089678	0.000784
0	0.633543	framo
2	0.168535	0.000920
2	0.391883	0.000547
2	0.406885	0.000367
1	0.526118
0	0.512069	iqd
1	0.230154
1	0.380200
2	0.953192	0.000902
0	0.287917	oozjre
1	0.198018
2	0.032510	0.000999
0	0.927222	monp
2	0.979507	0.000938
2	0.739622	0.000763
2	0.027377	0.000587
2	0.834414	0.000709
1	0.221789
1	0.658314
1	0.159104
1	0.865959
0	0.106967	fw
0	0.254184	tqyi
0	0.557058	ixz
0	0.839716	xhu
2	0.942177	0.000080
1	0.760798
2	0.430340	0.000613
0	0.732004	nut
0	0.268131	wyvjv
2	0.961044	0.000172
1	0.540051
0	0.175934	bdo
2	0.404362	0.000856
0	0.251950	i
1	0.007292
1	0.403626
1	0.427779
1	0.519321
0	0.057955	vclmuer
2	0.481551	0.000810
1	0.342554
1	0.131692
0	0.781158	llcuexp
1	0.823544
2	0.323141	0.000660
1	0.213128
1	0.286118
1	0.867788
2	0.907295	0.000908
2	0.942399	0.000066
0	0.725168	y
1	0.108334
1	0.640439
0	0.020548	ccdxsd
0	0.577535	ivs
2	0.348189	0.000668
1	0.353485
2	0.996603	0.000976
0	0.869294	nvxe
1	0.759898
2	0.604612	0.000806
1	0.118632
1	0.759482
2	0.723101	0.000778
0	0.266990	cshnyhz
0	0.832755	lwqlhl
2	0.900720	0.000825
2	0.108446	0.000246
1	0.502063
1	0.034288
2	0.488790	0.000968
2	0.137558	0.000048
2	0.317832	0.000360
0	0.540693	h
1	0.854755
2	0.813507	0.000090
0	0.760847	wy
1	0.531449
2	0.742003	0.000133
0	0.260685	eyucljwc
1	0.325098
2	0.989539	0.000608
0	0.858411	bobjae
2	0.998696	0.000082
2	0.810622	0.000377
0	0.017163	jqp
0	0.189024	ru
2	0.902778	0.000911
0	0.760493	x
1	0.642130
1	0.482784
2	0.012918	0.000746
1	0.981935
2	0.239738	0.000578
0	0.063589	cyfiwcn
1	0.347207
1	0.049967
1	0.132894
2	0.133808	0.000491
0	0.322293	bowdimo
0	0.445694	rwwdq
1	0.276622
0	0.148930	mfe
2	0.178895	0.000495
2	0.708153	0.000718
2	0.375427	0.000455
2	0.699660	0.000577
0	0.461339	x
1	0.041149
2	0.852277	0.000755
0	0.527030	g
2	0.483943	0.000084
1	0.356202
0	0.704974	ecxyni
2	0.488200	0.000381
2	0.233143	0.000752
1	0.590761
0	0.347662	w
1	0.688699
0	0.424123	mr
2	0.627378	0.000147
1	0.426034
0	0.197627	xkkzecf
1	0.713179
2	0.918919	0.000353
1	0.003849
2	0.697701	0.000631
1	0.272020
1	0.627134
0	0.504543	dl
2	0.082853	0.000670
1	0.787455
2	0.258985	0.000609
1	0.230294
0	0.203219	r
1	0.563152
0	0.536094	kj
2	0.025798	0.000091
0	0.960181	xzgvb
2	0.739558	0.000954
2	0.162334	0.000571
0	0.542126	wkcncre
2	0.945796	0.000137
1	0.232198
2	0.316110	0.000568
2	0.859970	0.000925
2	0.072518	0.000313
2	0.028144	0.000305
1	0.440511
2	0.780919	0.000670
2	0.459707	0.000704
2	0.805469	0.000383
0	0.071662	mhtmutkw
0	0.659799	vvyt
1	0.645796
2	0.687373	0.000396
1	0.130478
0	0.672313	fy
1	0.686710
0	0.843914	stuf
2	0.247294	0.000902
1	0.923709
1	0.233379
0	0.677953	kzbv
1	0.699457
1	0.523862
1	0.686401
1	0.711064
0	0.521633	npjsfe
0	0.291664	xbdb
2	0.716879	0.000143
2	0.043156	0.000361
2	0.477134	0.000264
0	0.042624	mfhxody
1	0.385178
2	0.573854	0.000938
1	0.756692
1	0.669918
2	0.944427	0.000168
2	0.979815	0.000029
1	0.140138
1	0.506904
2	0.363083	0.000099
1	0.553714
1	0.531441
1	0.000532
1	0.613880
2	0.487934	0.000120
1	0.960182
0	0.803424	dmees
0	0.303657	fzolde
2	0.197336	0.000994
0	0.082279	dryw
1	0.807399
2	0.570772	0.000340
1	0.271530
0	0.357392	s
0	0.897318	neny
2	0.818961	0.000644
1	0.894969
1	0.785134
0	0.281450	wpftehs
2	0.874154	0.000732
1	0.380225
0	0.510784	ssh
2	0.302299	0.000339
2	0.723243	0.000812
1	0.991831
2	0.430275	0.000443
2	0.744088	0.000750
0	0.241859	jyebmwq
1	0.220168
1	0.472354
2	0.187628	0.000914
0	0.299866	gbpgpohq
0	0.210519	y
0	0.415737	rrcjgs
2	0.121644	0.000400
0	0.712591	z
2	0.152784	0.000128
2	0.036570	0.000948
0	0.054709	rlpsqpe
1	0.760779
1	0.035429
1	0.397514
0	0.737034	q
0	0.482568	hqsdduz
0	0.866627	b
2	0.734763	0.000477
0	0.788836	aincrdv
0	0.785503	acbyjs
1	0.305695
2	0.381387	0.000757
1	0.838673
0	0.855253	vlykydu
0	0.830482	ldtiuq
2	0.045737	0.000586
2	0.904389	0.000995
2	0.460978	0.000273
0	0.685142	obpoq
0	0.005683	zywn
0	0.321278	c
2	0.279004	0.000988
1	0.031206
1	0.136845
2	0.194143	0.000630
2	0.029660	0.000187
2	0.446028	0.000084
0	0.925785	xf
1	0.472845
2	0.181778	0.000641
2	0.189683	0.000221
0	0.653467	tvqxbjd
1	0.212527
2	0.593018	0.000645
0	0.463413	fshbg
0	0.019207	kg
1	0.486361
1	0.294853
1	0.791738
2	0.274072	0.000939
0	0.802205	wx
0	0.112164	no
0	0.675884	qwchwlmc
2	0.402453	0.000792
2	0.135773	0.000156
0	0.270530	qyfu
0	0.692546	di
1	0.728864
1	0.196602
0	0.784510	ubmfkhu
2	0.965453	0.000002
1	0.540200
0	0.321194	sxdaryyo
2	0.909821	0.000694
0	0.518135	idh
1	0.122289
2	0.680022	0.000255
1	0.888883
2	0.856612	0.000815
0	0.591053	slesnrtz
2	0.998329	0.000004
1	0.912840
0	0.905985	qursuyv
0	0.914816	no
1	0.375524
2	0.309048	0.000536
2	0.230415	0.000899
1	0.945383
0	0.814602	kej
0	0.837320	ndsgkgi
0	0.203811	drellej
0	0.638322	n
1	0.610777
1	0.150055
2	0.233914	0.000275
0	0.105290	wois
1	0.881692
1	0.860636
0	0.546867	ntnnxso
2	0.790800	0.000105
2	0.076711	0.000009
0	0.009291	oyq
0	0.710313	bdem
2	0.441401	0.000906
2	0.145371	0.000431
1	0.238686
0	0.923620	xnh
2	0.579581	0.000901
2	0.446347	0.000245
2	0.790441	0.000510
1	0.775175
1	0.795410
1	0.326677
2	0.597176	0.000063
2	0.406266	0.000866
0	0.089429	ifoavop
0	0.317189	ostmecd
0	0.030371	oas
2	0.887047	0.000239
1	0.088931
2	0.484548	0.000140
1	0.541279
2	0.357269	0.000555
1	0.615719
2	0.664833	0.000986
0	0.087685	b
1	0.378399
0	0.148518	jphu
1	0.292390
1	0.136311
0	0.943915	ycklab
1	0.236627
1	0.421571
1	0.666268
2	0.284033	0.000990
1	0.390670
2	0.170285	0.000395
2	0.785816	0.000229
2	0.218632	0.000218
2	0.163571	0.000048
2	0.025863	0.000081
1	0.185358
1	0.997247
2	0.579227	0.000229
1	0.825689
1	0.500205
0	0.123482	jj
0	0.714336	jfoehly
0	0.376305	qkwndnsd
0	0.290925	hsn
2	0.372936	0.000283
2	0.679209	0.000670
1	0.139239
2	0.377350	0.000961
1	0.874840
2	0.408917	0.000592
2	0.889382	0.000070
0	0.466782	y
1	0.710533
0	0.986984	xvm
1	0.359708
2	0.334434	0.000441
0	0.944398	svoyt
1	0.788915
0	0.076529	en
1	0.313824
1	0.324143
1	0.454081
0	0.381758	ay
0	0.379396	hhvroc
0	0.116540	bkrnhw
1	0.124003
2	0.767618	0.000176
1	0.572990
0	0.679828	hogimc
1	0.276146
2	0.069630	0.000125
0	0.404168	xqelyxjw
1	0.443353
2	0.667622	0.000822
1	0.182822
0	0.972995	xrhrk
1	0.730367
0	0.215753	aeahrxjw
1	0.091360
0	0.676659	lk
0	0.183747	azwxx
0	0.672282	kacjh
2	0.538881	0.000522
1	0.519578
1	0.712658
1	0.220755
2	0.097528	0.000597
1	0.645841
2	0.570118	0.000050
1	0.041240
1	0.814170
0	0.573157	phsikp
0	0.279031	m
2	0.644219	0.000935
1	0.723023
2	0.857377	0.000636
1	0.345897
0	0.457388	jcuwx
0	0.258504	yykpi
1	0.479061
2	0.857635	0.000449
0	0.443853	ql
2	0.249198	0.000197
2	0.741617	0.000621
2	0.391388	0.000112
0	0.817415	gpebsvnz
2	0.963552	0.000865
1	0.236370
2	0.845016	0.000499
0	0.044678	wfec
1	0.102084
0	0.191123	fh
2	0.216192	0.000280
0	0.644836	gdu
0	0.646739	kxuvx
0	0.604107	isdsn
1	0.261422
0	0.388819	wjrx
0	0.335725	tlwhf
0	0.235897	pcm
1	0.950833
0	0.589302	sedhgttp
1	0.590786
1	0.103672
2	0.070124	0.000707
1	0.844251
2	0.996433	0.000958
0	0.152197	tpyit
2	0.520872	0.000626
2	0.600135	0.000861
0	0.421611	jqhapfh
2	0.798787	0.000498
2	0.620041	0.000470
2	0.340515	0.000605
1	0.309556
1	0.107247
1	0.629350
0	0.558299	ilwhfeqf
2	0.820560	0.000896
2	0.926090	0.000356
0	0.173908	mtzmlsvy
0	0.438496	kkq
1	0.684826
2	0.728557	0.000484
1	0.536957
2	0.280475	0.000045
0	0.203806	uegkb
0	0.496474	niyjpdx
2	0.325680	0.000532
0	0.971542	z
0	0.834871	rrhw
1	0.733448
1	0.825053
2	0.686723	0.000148
2	0.654135	0.000942
2	0.989865	0.000477
0	0.690418	vmj
2	0.580565	0.000666
1	0.584771
2	0.468749	0.000508
2	0.156849	0.000048
1	0.471313
0	0.950502	lvggc
0	0.196700	qelnhmps
0	0.636097	ryjs
0	0.716502	l
2	0.316081	0.000520
0	0.066876	dlw
2	0.079746	0.000747
1	0.117773
1	0.797353
2	0.823767	0.000682
0	0.346251	w
1	0.129901
0	0.210567	bo
2	0.931001	0.000895
1	0.840018
0	0.394343	ipyrbvb
0	0.026935	regbj
0	0.728206	gf
0	0.146265	cbvvnhw
1	0.847856
1	0.245078
2	0.432745	0.000737
2	0.439569	0.000513
0	0.058198	xth
1	0.329582
2	0.374986	0.000303
1	0.715967
1	0.682415
1	0.213166
1	0.830976
0	0.460805	grrmbf
0	0.054671	rulyd
2	0.749893	0.000795
1	0.495312
2	0.836593	0.000436
0	0.461599	fmghreuu
1	0.466614
1	0.526218
2	0.281677	0.000581
1	0.614473
2	0.374777	0.000429
1	0.269556
1	0.998222
2	0.192232	0.000256
0	0.199120	szruevpr
0	0.611349	wszg
0	0.746341	do
2	0.793776	0.000376
1	0.744810
0	0.979334	pbn
2	0.718916	0.000925
0	0.660957	ebkf
1	0.567073
2	0.221309	0.000027
2	0.587248	0.000564
0	0.203160	ytclqk
0	0.094113	gy
1	0.308096
1	0.780683
2	0.170245	0.000285
2	0.236902	0.000462
0	0.336260	ecs
0	0.071814	tysb
0	0.401609	yilgm
1	0.684342
1	0.468999
2	0.827910	0.000087
0	0.386743	buoij
1	0.458038
1	0.135599
1	0.078710
0	0.090745	yv
2	0.381970	0.000621
1	0.116315
1	0.096973
1	0.711127
0	0.130272	sqkhxnmy
2	0.014805	0.000434
1	0.401830
0	0.216061	m
0	0.157605	xhcjxd
0	0.012051	mcacjjt
1	0.024650
2	0.702651	0.000759
1	0.849249
2	0.158137	0.000768
0	0.704487	dmtthiwd
0	0.577489	pio
0	0.907172	lwoxrhfv
2	0.015959	0.000341
2	0.546936	0.000797
0	0.093567	tpe
2	0.429442	0.000194
0	0.353332	jndjwu
2	0.486116	0.000179
0	0.968147	pfv
2	0.541140	0.000176
0	0.788980	r
0	0.389850	pcqxqn
2	0.712007	0.000482
2	0.607175	0.000660
0	0.939861	pyxsvi
0	0.565052	qeut
2	0.039272	0.000564
1	0.842025
0	0.405016	nektjmm
0	0.020292	cnryke
0	0.474771	qoo
1	0.662222
1	0.627973
1	0.818250
1	0.343921
1	0.363798
2	0.165071	0.000104
0	0.155742	kwd
1	0.926101
2	0.096079	0.000043
0	0.583092	k
2	0.653177	0.000904
2	0.702890	0.000653
2	0.509531	0.000292
2	0.080341	0.000387
2	0.390515	0.000229
1	0.243066
0	0.713557	zotflvcg
2	0.650770	0.000284
2	0.416470	0.000673
1	0.203239
0	0.076589	pfwlhfz
0	0.522376	puualx
1	0.966283
2	0.178146	0.000095
2	0.118033	0.000577
1	0.936198
2	0.832246	0.000238
2	0.212280	0.000946
2	0.658990	0.000735
0	0.220752	mnfqe
2	0.000785	0.000715
0	0.868081	itjd
2	0.656718	0.000843
1	0.171185
1	0.899055
2	0.813832	0.000181
1	0.946627
0	0.792827	wljwwfmm
1	0.620009
0	0.642287	yoroyn
0	0.495937	pzgpmu
0	0.546822	gq
2	0.016031	0.000895
0	0.449460	kyl
2	0.249342	0.000461
2	0.433256	0.000657
0	0.982687	jgmisgj
2	0.923920	0.000111
1	0.082235
0	0.120046	iezo
2	0.975726	0.000048
0	0.186981	ianstjn
0	0.023961	mufh
1	0.709152
0	0.642649	b
0	0.452471	vsgix
0	0.730262	fpfoj
1	0.714558
0	0.793327	wyhbwbpc
2	0.872017	0.000631
0	0.987657	ijvvbub
0	0.093086	ak
1	0.935075
1	0.903626
0	0.092265	jitcewoh
2	0.764923	0.000627
2	0.731060	0.000304
1	0.243362
2	0.510515	0.000384
0	0.371551	fpvyij
0	0.777180	oos
2	0.688222	0.000587
1	0.046102
0	0.123451	nlwnpdt
2	0.470382	0.000780
2	0.929081	0.000611
0	0.803293	kgn
2	0.980584	0.000984
1	0.760792
0	0.690177	giw
2	0.516294	0.000096
0	0.568391	bokx
1	0.211134
1	0.987943
2	0.257656	0.000242
1	0.714650
2	0.431153	0.000175
0	0.760488	ekc
2	0.657008	0.000388
2	0.215713	0.000955
0	0.597175	djharrv
2	0.980142	0.000896
0	0.652436	bnpic
1	0.026619
2	0.585156	0.000760
1	0.561683
1	0.758107
0	0.823410	tcly
0	0.002688	sdol
0	0.491726	ifornyvx
2	0.863855	0.000733
0	0.059415	zecuondu
0	0.136742	adfi
2	0.685287	0.000511
0	0.302195	icgfko
1	0.989922
0	0.507901	gryu
2	0.697151	0.000966
2	0.848206	0.000279
1	0.156580
1	0.121659
2	0.939414	0.000620
1	0.970357
0	0.546454	mkgh
1	0.774743
0	0.413548	stnjaiw
0	0.621420	vy
2	0.455162	0.000067
1	0.222354
0	0.775119	wfk
1	0.092102
0	0.284322	tnusor
1	0.882516
0	0.558596	eb
1	0.629986
1	0.558404
0	0.214730	n
1	0.865470
0	0.219297	xc
2	0.960709	0.000217
1	0.039613
1	0.809077
2	0.962660	0.000669
1	0.300596
0	0.578271	s
0	0.755445	j
1	0.421644
1	0.265613
0	0.763086	rfwlp
1	0.985201
2	0.149053	0.000941
2	0.717491	0.000836
2	0.131120	0.000644
1	0.042191
0	0.755104	vyt
2	0.839543	0.000696
1	0.720429
1	0.950415
1	0.554950
0	0.643637	nbp
2	0.435427	0.000840
1	0.697286
2	0.470648	0.000733
2	0.118723	0.000302
1	0.959750
1	0.156392
0	0.305016	rcbvvm
2	0.687309	0.000918
2	0.519380	0.000030
0	0.771599	amiq
0	0.820389	ilojrogi
2	0.267472	0.000194
1	0.271303
1	0.750751
1	0.781182
0	0.343739	vlyndn
1	0.736516
1	0.984799
2	0.562739	0.000361
2	0.061025	0.000998
0	0.807603	b
2	0.923889	0.000159
0	0.521580	x
2	0.916970	0.000815
0	0.799752	jokvlfyt
2	0.603308	0.000712
1	0.909662
1	0.967742
2	0.836883	0.000495
1	0.608799
0	0.682333	npl
1	0.448984
2	0.040617	0.000962
0	0.471178	orsmm
2	0.047253	0.000778
2	0.917397	0.000377
1	0.776054
1	0.815656
1	0.351234
2	0.008788	0.000252
1	0.136551
1	0.021780
0	0.322899	s
0	0.942552	tfi
2	0.137698	0.000749
2	0.811941	0.000601
1	0.596366
2	0.135441	0.000477
2	0.668033	0.000886
1	0.377090
0	0.566617	tynucjl
1	0.166783
0	0.232659	khh
1	0.592732
0	0.361190	itwejpa
1	0.815641
2	0.694702	0.000910
2	0.115631	0.000306
0	0.292293	tjqfq
0	0.322580	xxovy
0	0.562206	fkf
2	0.447382	0.000572
2	0.062529	0.000202
0	0.749558	rjz
2	0.748610	0.000859
2	0.682352	0.000735
0	0.176345	myhmxp
2	0.071808	0.000175
2	0.851550	0.000549
0	0.847440	vuwr
1	0.490834
0	0.282053	pdbnhev
0	0.638777	yliu
1	0.342828
2	0.283063	0.000354
1	0.023053
0	0.062250	dlvz
1	0.615166
1	0.299620
2	0.483619	0.000410
1	0.882050
2	0.649426	0.000929
0	0.354365	fqrmmfms
0	0.543137	mlgrocpg
0	0.245923	dgrst
0	0.526830	ks
2	0.036433	0.000743
0	0.869609	ibpzmrf
2	0.737494	0.000266
1	0.914368
0	0.877440	icq
2	0.712358	0.000444
0	0.526406	othhcel
0	0.169214	h
1	0.299534
2	0.907132	0.000741
1	0.669383
1	0.525416
2	0.721752	0.000768
2	0.339140	0.000172
0	0.690105	h
2	0.358598	0.000153
2	0.811619	0.000378
0	0.237297	hogyyw
0	0.368201	oss
2	0.182255	0.000073
0	0.200667	up
1	0.906505
2	0.685977	0.000667
0	0.226687	jibgcr
1	0.820949
1	0.521960
2	0.053545	0.000955
1	0.769451
1	0.908362
0	0.076132	dunwwsqt
1	0.162795
0	0.102516	fobsticd
2	0.148273	0.000874
0	0.745481	hpadluh
0	0.767264	bgclswk
1	0.166401
2	0.977858	0.000497
0	0.758072	yeqaifv
1	0.915022
0	0.422896	l
1	0.870448
1	0.126497
0	0.910872	ottipcn
2	0.425483	0.000199
0	0.315587	mbgiqde
0	0.138110	f
0	0.112464	rfpwhul
1	0.526971
2	0.631182	0.000329
1	0.046798
2	0.552934	0.000956
2	0.839662	0.000110
1	0.114932
0	0.534387	mgb
2	0.166084	0.000656
2	0.037975	0.000726
0	0.092829	wmpdgkcn
1	0.844974
1	0.721602
1	0.121366
0	0.607752	talupmhq
1	0.380180
1	0.055322
1	0.378595
2	0.810134	0.000567
1	0.466006
2	0.709264	0.000227
0	0.536056	h
2	0.053001	0.000198
0	0.018145	irn
0	0.422165	t
0	0.531912	k
1	0.640059
2	0.243741	0.000482
2	0.622154	0.000274
2	0.657924	0.000994
0	0.533864	ugjiwfbb
0	0.745132	fcue
0	0.062065	ynmxjgxn
2	0.756094	0.000562
1	0.489317
2	0.741857	0.000584
2	0.285133	0.000072
0	0.446122	nyup
2	0.170936	0.000310
0	0.772660	sm
1	0.573446
0	0.217236	fwtytskx
0	0.498162	fn
2	0.835770	0.000055
2	0.649101	0.000904
1	0.847053
2	0.725690	0.000685
1	0.907044
2	0.460952	0.000560
0	0.068000	v
2	0.927171	0.000256
2	0.985935	0.000359
1	0.989849
1	0.853856
2	0.908215	0.000516
0	0.392734	ycoblw
1	0.378381
0	0.679124	uyhfu
1	0.790128
0	0.264373	y
1	0.168580
1	0.916962
1	0.675921
0	0.257339	q
0	0.784234	zvtxzaha
2	0.133551	0.000791
0	0.873194	iwjkqce
2	0.837294	0.000189
0	0.369798	vi
2	0.408175	0.000393
0	0.246896	hkqwg
0	0.399014	emplid
2	0.943960	0.000562
0	0.742740	vwilipz
2	0.193621	0.000924
0	0.000798	q
2	0.760902	0.000720
2	0.937773	0.000537
1	0.792540
1	0.410020
1	0.156668
2	0.718711	0.000583
2	0.807688	0.000709
1	0.394043
1	0.516156
2	0.484141	0.000667
1	0.796746
1	0.601159
1	0.814109
0	0.356940	rbs
0	0.951332	wmk
0	0.224239	hkixraqt
1	0.584807
2	0.733917	0.000623
1	0.179857
0	0.739636	s
1	0.524281
0	0.886356	vrj
0	0.866077	fau
2	0.581205	0.000841
2	0.780693	0.000331
1	0.098215
1	0.464435
2	0.238365	0.000271
0	0.747178	vtu
1	0.805434
1	0.611759
2	0.382335	0.000777
0	0.107098	g
2	0.730034	0.000971
2	0.838485	0.000519
1	0.011908
0	0.403053	ikt
0	0.560069	yq
0	0.505786	wuvgru
1	0.740345
2	0.402287	0.000265
2	0.417935	0.000984
2	0.493377	0.000118
0	0.374219	frjrkld
0	0.173908	omcnfjyr
1	0.563000
2	0.929935	0.000440
1	0.072385
1	0.983240
0	0.048544	wcyw
1	0.310379
0	0.841868	njjdc
0	0.985364	phckg
0	0.574435	wppjhsl
1	0.673858
2	0.475633	0.000198
0	0.016482	ijvd
2	0.180488	0.000839
0	0.519794	yghp
1	0.505855
0	0.564528	z
2	0.037596	0.000216
0	0.688859	bjqqgj
1	0.669349
0	0.540707	wxgrkxw
2	0.822121	0.000709
2	0.932700	0.000454
0	0.492024	hpaiu
1	0.280055
2	0.683059	0.000012
0	0.335899	vbp
0	0.313430	e
0	0.255472	cqzmewfr
0	0.644924	zxwbirmh
2	0.324893	0.000971
2	0.227845	0.000633
1	0.575802
2	0.139034	0.000969
0	0.922992	xmorlvhg
1	0.192572
0	0.403445	nehkfcmh
0	0.542189	laqphijh
1	0.132382
1	0.675275
0	0.086842	jnlbbc
2	0.976675	0.000905
1	0.828930
1	0.491065
2	0.109722	0.000881
1	0.164826
1	0.696016
0	0.262685	hoeqnqu
0	0.276980	bnuj
2	0.303989	0.000002
2	0.971120	0.000032
1	0.853437
2	0.310446	0.000179
2	0.467937	0.000169
1	0.153226
0	0.607806	ihktyoru
2	0.600440	0.000364
0	0.381127	ftwso
1	0.917030
1	0.375665
0	0.699570	h
2	0.486134	0.000866
2	0.588999	0.000538
0	0.527882	v
2	0.044727	0.000107
2	0.061254	0.000795
2	0.645904	0.000670
0	0.557452	pprbbxwy
2	0.757546	0.000288
1	0.404072
2	0.968269	0.000063
2	0.576043	0.000261
0	0.336820	oqzlkhpq
2	0.805204	0.000724
2	0.271671	0.000278
0	0.704396	wmueir
2	0.814546	0.000553
1	0.988255
0	0.613037	zlgvlohy
2	0.477012	0.000638
2	0.118987	0.000911
1	0.611511
2	0.380029	0.000868
1	0.992810
1	0.161377
0	0.650737	snee
0	0.616459	fsvcywl
0	0.812359	o
1	0.852925
2	0.897344	0.000232
2	0.566582	0.000693
1	0.267752
1	0.498891
1	0.067460
0	0.264346	pyx
1	0.801820
0	0.511479	ygcvfpwy
2	0.501549	0.000708
0	0.410890	b
1	0.768499
1	0.044892
2	0.068573	0.000363
2	0.648266	0.000799
1	0.402497
1	0.736838
1	0.862101
2	0.681882	0.000374
0	0.274395	ckeuexy
2	0.235499	0.000249
2	0.658262	0.000212
0	0.090176	xznhvb
1	0.795915
2	0.509885	0.000362
2	0.254879	0.000875
1	0.917901
0	0.596081	uhuqpc
2	0.873015	0.000358
2	0.349647	0.000741
1	0.303679
1	0.828029
1	0.142927
2	0.198770	0.000407
1	0.610025
1	0.698714
1	0.106251
2	0.892850	0.000173
0	0.326228	tamhfp
2	0.378818	0.000783
0	0.539647	gpobln
0	0.392153	nheiricq
1	0.544975
0	0.030048	yvrblvgz
2	0.072501	0.000867
2	0.128585	0.000441
0	0.814921	hu
2	0.232346	0.000633
1	0.157318
2	0.968155	0.000084
2	0.764140	0.000218
0	0.660622	ixtmevx
0	0.856576	lm
2	0.835071	0.000642
0	0.601475	u
1	0.152925
1	0.757914
2	0.906850	0.000609
0	0.361602	dmod
2	0.307585	0.000296
2	0.134318	0.000609
1	0.149785
1	0.792158
1	0.555887
1	0.905904
2	0.272629	0.000469
1	0.936576
0	0.970026	cwrs
1	0.129085
1	0.134785
1	0.691823
2	0.728085	0.000892
1	0.590111
1	0.431166
1	0.514580
2	0.316331	0.000515
1	0.293020
2	0.758390	0.000652
1	0.358726
0	0.484050	s
2	0.088696	0.000705
2	0.060273	0.000994
0	0.060022	lb
1	0.435046
1	0.618804
1	0.594624
0	0.284941	jmq
2	0.051147	0.000158
1	0.075765
1	0.062592
1	0.722117
0	0.231766	lfsin
2	0.544696	0.000758
2	0.714488	0.000574
0	0.854267	sxppdinf
1	0.280010
0	0.375643	jik
0	0.204613	uspqrycp
2	0.426148	0.000158
2	0.034985	0.000959
0	0.786949	chekqmqd
0	0.242988	slbr
2	0.090796	0.000582
2	0.827991	0.000491
1	0.153289
0	0.679385	hmgtnzu
0	0.302079	t
1	0.357084
0	0.741623	decheqy
2	0.997338	0.000606
2	0.315155	0.000927
2	0.433613	0.000251
2	0.383636	0.000465
0	0.631138	apsh
0	0.136988	hi
0	0.800273	etk
2	0.066568	0.000956
0	0.712964	piojubl
2	0.071125	0.000241
0	0.456000	kmvbgwop
2	0.015048	0.000444
1	0.325067
1	0.355610
0	0.985448	domkzpd
1	0.066056
2	0.445829	0.000202
0	0.123939	q
0	0.113791	k
0	0.737970	lrvqko
2	0.339363	0.000054
1	0.214083
0	0.597119	rcknc
0	0.829926	itvdrsq
1	0.484973
1	0.139186
1	0.247078
0	0.874067	jldx
1	0.395091
0	0.796355	isurfuhm
1	0.412287
1	0.595394
2	0.537943	0.000512
2	0.201506	0.000851
1	0.491118
2	0.922343	0.000999
1	0.492727
1	0.452695
2	0.433680	0.000807
0	0.172282	mwsduh
1	0.482586
1	0.620907
2	0.376755	0.000111
1	0.427793
0	0.048394	vlnatp
1	0.024235
1	0.319089
2	0.772868	0.000138
0	0.019047	vwbecns
0	0.195088	sqcoeht
0	0.167840	ywwtnfps
1	0.314245
0	0.288247	o
1	0.792272
0	0.806994	gw
2	0.380645	0.000885
0	0.262968	bento
0	0.383054	gdlgxpt
2	0.295112	0.000942
2	0.297960	0.000124
0	0.137095	wciqsky
1	0.570900
0	0.242736	qrtr
1	0.299491
1	0.232512
1	0.813889
0	0.832659	mil
2	0.666963	0.000005
1	0.882437
1	0.103899
2	0.216119	0.000320
0	0.731802	sock
0	0.350134	eipumkh
0	0.318685	uoh
0	0.267780	oeg
1	0.362105
2	0.783550	0.000812
0	0.531661	nuugmwdn
2	0.836736	0.000673
1	0.475892
1	0.293128
1	0.346473
2	0.315577	0.000222
1	0.570634
0	0.306974	rios
1	0.888874
2	0.226590	0.000802
2	0.133914	0.000002
0	0.799487	mjves
1	0.648199
0	0.665886	ibzmqtws
0	0.128110	qtf
1	0.460749
0	0.114483	ddg
0	0.238967	sppqexrl
1	0.152953
0	0.958094	hs
0	0.718515	cqoqxjqu
0	0.376292	lov
1	0.413357
1	0.501484
2	0.954972	0.000903
0	0.256874	pd
0	0.122936	dupymn
2	0.681680	0.000876
0	0.296280	dnc
1	0.526370
2	0.245708	0.000585
2	0.595580	0.000416
2	0.147530	0.000028
1	0.563865
2	0.330254	0.000112
2	0.380231	0.000888
0	0.357682	nnn
1	0.347751
0	0.647376	vntac
0	0.193133	b
2	0.743358	0.000206
1	0.016667
0	0.775661	hntwmpy
1	0.775635
0	0.372784	jcwc
2	0.563789	0.000964
1	0.598598
1	0.666674
1	0.300864
2	0.428894	0.000781
2	0.939437	0.000551
2	0.014634	0.000824
1	0.378905
1	0.867346
2	0.182251	0.000603
0	0.304619	cceuug
2	0.451070	0.000359
1	0.888903
0	0.555683	sch
0	0.593194	mpri
2	0.643038	0.000963
1	0.264382
0	0.880223	offxftr
2	0.394421	0.000597
1	0.862751
1	0.564241
0	0.406998	rdch
0	0.036629	r
1	0.651784
2	0.090147	0.000202
2	0.750918	0.000053
2	0.346188	0.000305
2	0.232979	0.000462
2	0.538198	0.000486
2	0.781141	0.000695
1	0.414241
1	0.492331
0	0.970060	miss
2	0.898152	0.000529
0	0.024491	zrqxzfwe
2	0.046602	0.000545
0	0.168347	ndjwbo
2	0.044558	0.000178
1	0.047735
0	0.062206	wy
1	0.970618
2	0.023940	0.000494
0	0.345996	sredhvqs
2	0.603635	0.000394
0	0.523704	dqtghbtg
2	0.711187	0.000872
2	0.536383	0.000774
2	0.883893	0.000483
0	0.121825	fb
2	0.878415	0.000361
0	0.241854	m
0	0.127483	phje
2	0.827477	0.000486
2	0.211593	0.000677
1	0.838932
2	0.077273	0.000156
0	0.240757	qqfchlxc
0	0.500715	aczjup
0	0.645264	cadcue
0	0.637771	r
2	0.504965	0.000183
1	0.698040
2	0.520366	0.000581
1	0.606233
0	0.444809	rz
1	0.384466
1	0.034963
0	0.755545	v
2	0.641882	0.000691
0	0.036562	vriu
1	0.589402
1	0.849396
1	0.947891
0	0.761389	exf
0	0.701405	knxbf
2	0.960440	0.000281
0	0.979897	oqm
0	0.507013	ylvcska
2	0.558252	0.000348
0	0.376197	eljcheny
2	0.365323	0.000343
2	0.150228	0.000109
1	0.561146
0	0.798581	cghktyly
1	0.675751
1	0.628359
2	0.548859	0.000979
1	0.610547
1	0.676653
1	0.153736
1	0.150678
1	0.510924
0	0.826841	dcei
2	0.970680	0.000431
0	0.092911	tfh
0	0.203279	oiomm
1	0.173239
2	0.501082	0.000596
0	0.189128	fewva
1	0.781910
0	0.895528	tgt
1	0.444006
0	0.984062	pb
2	0.340352	0.000155
1	0.885666
1	0.471640
1	0.176788
0	0.391652	tcl
2	0.228844	0.000995
1	0.207147
0	0.848413	lxgocwst
0	0.623066	wnnr
2	0.492748	0.000737
1	0.834732
0	0.439041	rukg
2	0.505023	0.000064
0	0.541978	xshdw
2	0.591784	0.000288
0	0.622106	tusjo
0	0.674235	tqiex
1	0.118948
0	0.387319	etl
0	0.954457	z
2	0.435933	0.000503
1	0.387078
1	0.872872
1	0.070822
0	0.708013	jijw
2	0.760968	0.000111
2	0.038155	0.000184
2	0.466326	0.000567
2	0.063578	0.000572
2	0.632217	0.000729
0	0.868958	ltgw
2	0.367128	0.000318
2	0.806329	0.000971
2	0.908678	0.000014
0	0.279026	htboiiv
0	0.919309	wlm
2	0.292150	0.000477
2	0.040720	0.000806
2	0.556393	0.000057
1	0.854809
1	0.703042
2	0.256634	0.000910
1	0.598325
0	0.936794	gcrgs
1	0.557225
1	0.012379
2	0.010286	0.000381
0	0.254892	kgx
2	0.324358	0.000943
2	0.678557	0.000798
0	0.108605	th
1	0.806174
1	0.295599
1	0.268277
0	0.634051	rgnfwix
1	0.200495
2	0.336242	0.000513
2	0.739813	0.000963
0	0.609696	o
0	0.344363	rmiselu
2	0.271806	0.000168
2	0.442953	0.000236
1	0.331285
1	0.820776
0	0.112313	gznqg
1	0.506429
1	0.937481
0	0.218107	zhliwmn
2	0.068075	0.000195
1	0.723152
1	0.416608
1	0.402424
2	0.671013	0.000431
1	0.685445
2	0.032857	0.000807
2	0.212431	0.000746
1	0.272881
0	0.334120	ovot
1	0.274963
0	0.298109	pxxprwzl
0	0.521799	t
2	0.310478	0.000080
0	0.318885	f
2	0.291634	0.000231
1	0.358603
1	0.476638
2	0.274934	0.000837
1	0.172338
2	0.028907	0.000893
0	0.711990	atfup
2	0.418721	0.000926
1	0.130144
2	0.978986	0.000733
2	0.259625	0.000494
0	0.756387	zgkibcg
1	0.950828
1	0.952154
1	0.801908
1	0.055889
1	0.395057
0	0.806706	crqrftht
0	0.225113	lsjfpl
2	0.954079	0.000354
0	0.353371	ifxyj
0	0.372038	ql
1	0.693422
1	0.365703
2	0.583695	0.000682
0	0.201576	sf
2	0.966984	0.000482
2	0.631405	0.000690
0	0.481165	eoa
2	0.375401	0.000989
1	0.050019
2	0.658433	0.000374
0	0.373794	cxh
1	0.949719
1	0.877485
0	0.136570	yhbtaqp
2	0.750981	0.000221
0	0.115614	bokfxzk
1	0.231199
0	0.308479	sqarlw
2	0.674187	0.000158
0	0.085179	w
0	0.194042	yra
1	0.344450
1	0.976481
2	0.685023	0.000011
2	0.879611	0.000515
2	0.839278	0.000184
1	0.110322
2	0.682069	0.000606
1	0.566430
2	0.327679	0.000107
0	0.203239	dpn
0	0.001489	kfxggjf
2	0.122767	0.000260
1	0.132147
0	0.447916	r
1	0.376268
1	0.756251
2	0.406071	0.000841
1	0.345739
1	0.376549
2	0.283962	0.000364
2	0.515905	0.000469
0	0.462667	tgzephi
0	0.245451	n
1	0.139467
0	0.695736	uyffvmtc
1	0.375782
0	0.117382	bktgleo
2	0.001164	0.000353
0	0.209773	c
1	0.683385
2	0.736274	0.000140
1	0.787840
2	0.838185	0.000641
1	0.599082
0	0.538635	hndp
2	0.170912	0.000989
2	0.073363	0.000835
0	0.926748	hlp
0	0.271351	mixsl
2	0.090741	0.000233
1	0.622677
2	0.327331	0.000809
0	0.268832	pkrghp
0	0.839776	atvdfze
2	0.720602	0.000515
2	0.890866	0.000091
2	0.775492	0.000080
1	0.075060
0	0.724512	jdyubz
0	0.882040	qehunvkx
1	0.348682
0	0.865043	hy
0	0.167171	d
1	0.869113
2	0.875946	0.000887
0	0.443250	oxrl
1	0.184289
2	0.259747	0.000731
0	0.616895	aghh
1	0.218906
1	0.975675
2	0.129498	0.000920
2	0.351179	0.000923
2	0.549296	0.000234
1	0.588130
1	0.106139
1	0.216655
1	0.621222
0	0.599489	wjkdmtk
0	0.936071	vqoszya
1	0.198931
2	0.372636	0.000777
0	0.504982	ygifyc
0	0.322812	ynnlohxt
0	0.308076	cpsp
0	0.284201	smauqmsj
2	0.973036	0.000628
0	0.333465	ouiyafu
2	0.780777	0.000717
2	0.884206	0.000367
1	0.328637
1	0.420553
1	0.843073
2	0.977037	0.000084
2	0.333487	0.000950
1	0.008536
1	0.922818
1	0.278529
1	0.526148
0	0.655026	xgagfhd
1	0.109613
2	0.861825	0.000290
1	0.985471
0	0.786815	isyuuw
1	0.193551
1	0.317726
2	0.787501	0.000662
0	0.461002	gyftpg
0	0.833504	jtusykc
0	0.258667	w
0	0.296798	regkgl
0	0.007789	m
2	0.162075	0.000223
1	0.379935
1	0.597396
1	0.931807
0	0.480862	nm
0	0.873979	vqy
0	0.186601	x
2	0.746542	0.000166
0	0.608357	csji
2	0.148698	0.000623
